   1  74  57  60  73  76  59   0  90   0 score = 90
  36   4  49  37   5  50  88   0  51   0
  56  61   0  75  58  17   9  42  86   8
   2  38   0   3  72  77  52  19  89  79
  35  65  48  16   6  41  87   7  10  43
  55  62  71  39  53  18  12  78  85  22
  69  29  32  64  47  15  83  20  14  80
  34  66  54  27   0  40  26  23  11  44
  31  63  70  30   0   0  13   0  84  21
  68  28  33  67  46  24  82  45  25  81

   1  42  75  23   0  74  52  62  73  51 score = 93
   9  90   0   0  91  39   5  92  38  60
  76  22   0  41  49  24  64  50  53  63
   2  43  10  89   4  34  37  61  72  93
   8  66  48   7  65  40   6  25   0  59
  77  21   3  33  36  88  71  35  54   0
  80  44  11  30  47  26  84  58  15  85
  19  67  78  20  68  32  55  87  70  56
  12  29  81  13  28  82  14  27  83   0
  79  45  18  31  46  17  69  57  16  86

   1   0  15   2  94  16   7  93  31  46 score = 95
  54   4  90  53   5  91  52  44   0  51
  14   9  95  17   8  59  32  47  64   0
  89  21  42   3  22  43   6  92  30  45
  55  18  13  62  33  75  63  58  74  50
  41  10  86  20  11  60  35  48  65  36
  88  24  56  68  23  57  73  76  29  72
  85  19  12  61  34  78  27  82  79  49
  40  69  87  39  70  67  38  71  66  37
   0  25  84   0  26  83  80  77  28  81

   1  67  16   2  68   0  27  69  77   9 score = 96
   0   0  50  37  22  73  38  21  74  39
  15  47  24  66  48  25  76   8  26  70
   0  36  17   3  51  18  28  72  78  10
  60  65  49  46  23   7  43  20  75  40
  14   4  52  35  12  53  34  11  29  71
  89  45  59   6  44  19  31  92  79  56
  61  64  13  82  63  86  42  54  33  41
  96   5  90  95  58  91  94  57  30  93
  88  83  62  87  84  81  32  85  80  55

   1  23  56   2  24   0  50  37  26  49 score = 97                                                                                                                                                                                                 
   0   4  91  12  30  33  11  29  32  10                                                                                                                                                                                                
  55  70  39   6  71  38  25   8  51  36                                                                                                                                                                                                
  90  22  57   3  92  28  31  34  27  48                                                                                                                                                                                                
  40   5  54  13  16   7  52  15   0   9                                                                                                                                                                                                
  58  69  89  19  72  88  93  47  87  35                                                                                                                                                                                                
  81  21  60  82  53  14  85  78  75  65                                                                                                                                                                                                
  41  18  96  42  17  95  73  63  94  46                                                                                                                                                                                                
  59  68  80  20  67  79  76  66  86  77                                                                                                                                                                                                
  97  43  61  83  44  62  84  45  74  64   

   1  81  60  10  82  87  26  83  86  27 score = 98
  68  12   3  69  13  98  78  14  97  77
  59  62   8  43  61   9  85  88   0  84
   2  80  67  11  79  41  25  76  40  28
  49  44   4  70  16  89  71  15  96  72
  58  63   7  42  66  21  39  29  24  38
  91  55  50  90   5  51  17  75  35  18
  48  45  31  53  46  30  33  20  95  73
  57  64   6  56  65  22  36   0  23  37
  92  54  47  93  32  52  94  74  34  19

   1  85  74  29   3  83  28   4  82  27 score = 98
   0  65  93  10  64  94   9  98  95   8
  75  30   2  84  31  16  81  26  53   5
  92  86  73  66  44  11  96   7  12  97
  38   0  76  15  63  77  52  58  80  51
  72  67  18  87  32  17  45  25  54   6
  91  42  39  21  43  14  56  48  13  57
  37  88  71  68  62  78  33  59  79  50
  40  22  19  41  23  20  46  24  55  47
  90  69  36  89  70  35  61  49  34  60

   1  96  78  42  95  79  41  94  89  81 score = 98
   0  56   3  32  55   8  91  54   9  92
  98  76  44  97  77  43  88  80  40  52
   2  31  67  57  30  33  10  93  90  82
  45  72   4  46  71   7  39  53  87  38
  68  75  15  28  66  58  29  34  59  51
   0  47  70  73   5  63  11   6  62  83
  20  27  24  21  16  35  60  17  86  37
  69  74  14  48  65  13  49  64  12  50
  25  22  19  26  23  18  85  36  61  84


   1  53  48   2  79  47   3  78  46  94 score = 99
  50  42  60  51  41  19  88  40  18  89
  62  28  80  54  27  24  45  93  25  77
  59  52  49  20  72  39   4  71  87  95
  81  43  61  29  44  16  26  23  17  90
  63  66  58  55  65  21  73  92   7  76
  12  32  35  68  10  38   5  70  86  96
  82  56  64  30  57  15   8  22  99  91
  34  67  11  33  36  69  74  37   6  75
  13  31  83  14   9  84  98   0  85  97

   1  87  79   2  86  89   3  49  90   4 score = 99
  17  42   8  93  41   7  94  40  45  95
  80  75  85  88  78  50  47   5  51  48
  83  10  18  43   9  92  44  64  91  99
  16  23  81  74  22   6  73  39  46  96
  19  76  84  11  77  65  12  98  52  63
  82  36  21  26  68  38  54  61  70  30
  15  24  58  34  13  57  72  32  56  97
  20  27  67  37  28  66  69  29  53  62
   0  35  14  25  59  33  55  60  71  31

   1  26  54   2  64  55  94  61  56  95 score = 100 WINNER
  12  21  86  11  20  87  58  19  88  59
  53  79  67  25  80  30  63   6  31  62
  85  27  13   3  65  10  93  60  57  96
  68  22  81  29  15   5  32  18  89   7
  52  78  66  24  34  43  48   9  92  47
  84  28  14   4  82  74  90  45  73  97
  69  23  35  42  16  38  33  17 100   8
  51  77  83  50  76  44  49  75  91  46
  36  41  70  37  40  71  99  39  72  98
